   1.2500   0.1269E+01
   3.7500   0.2116E+01
   6.2500   0.1995E+01
   8.7500   0.1806E+01
  11.2500   0.1411E+01
  13.7500   0.1294E+01
  16.2500   0.9922E+00
  18.7500   0.7803E+00
  21.2500   0.7753E+00
  23.7500   0.6223E+00
  26.2500   0.5258E+00
  28.7500   0.5484E+00
  31.2500   0.4258E+00
  33.7500   0.3336E+00
  36.2500   0.3231E+00
  38.7500   0.2795E+00
  41.2500   0.2341E+00
  43.7500   0.1938E+00
  46.2500   0.1525E+00
  48.7500   0.1920E+00
  51.2500   0.1596E+00
  53.7500   0.1666E+00
  56.2500   0.1095E+00
  58.7500   0.7139E-01
  61.2500   0.8526E-01
  63.7500   0.3337E-01
  66.2500   0.6235E-01
  68.7500   0.5405E-01
  71.2500   0.4392E-01
  73.7500   0.4360E-01
  76.2500   0.4315E-01
  78.7500   0.4130E-01
  81.2500   0.4753E-01
  83.7500   0.2042E-01
  86.2500   0.3355E-01
  88.7500   0.2170E-01
  91.2500   0.1295E-01
  93.7500   0.1067E-01
  96.2500   0.1068E-01
  98.7500   0.5713E-02
 101.2500   0.8098E-02
 103.7500   0.8722E-02
 106.2500   0.7935E-02
 108.7500   0.5469E-02
 111.2500   0.3295E-02
 113.7500   0.9207E-03
 116.2500   0.3992E-02
 118.7500   0.2666E-02
 121.2500   0.5876E-02
 123.7500   0.4121E-02
 126.2500   0.7234E-02
 128.7500   0.2137E-02
 131.2500   0.2209E-02
 133.7500   0.1439E-02
 136.2500   0.2254E-02
 138.7500   0.1188E-02
 141.2500   0.1043E-02
 143.7500   0.5122E-03
 146.2500   0.3879E-03
 148.7500   0.0000E+00
