   0.7500  -0.4258E+01
   2.2500  -0.1158E+02
   3.7500  -0.1260E+02
   5.2500  -0.1301E+02
   6.7500  -0.5456E+01
   8.2500  -0.9594E+01
   9.7500  -0.8301E+01
  11.2500  -0.7629E+01
  12.7500  -0.3729E+01
  14.2500  -0.5817E+01
  15.7500  -0.4867E+01
  17.2500  -0.4726E+01
  18.7500  -0.2774E+01
  20.2500  -0.6043E+01
  21.7500   0.0000E+00
  23.2500  -0.8182E+01
  24.7500  -0.4944E+01
  26.2500   0.0000E+00
  27.7500  -0.2417E+01
  29.2500   0.0000E+00
  30.7500   0.0000E+00
  32.2500  -0.5041E+01
  33.7500  -0.1489E+01
  35.2500  -0.1100E+01
  36.7500  -0.2116E+01
  38.2500  -0.1139E+01
  39.7500  -0.1341E+01
  41.2500  -0.7320E+01
  42.7500  -0.3893E+01
  44.2500  -0.1491E+01
  45.7500  -0.2241E+01
  47.2500  -0.2083E+01
  48.7500  -0.1743E+01
  50.2500   0.0000E+00
  51.7500   0.0000E+00
  53.2500  -0.1575E+01
  54.7500   0.0000E+00
  56.2500   0.0000E+00
  57.7500  -0.3089E+01
  59.2500   0.0000E+00
  60.7500   0.0000E+00
  62.2500   0.0000E+00
  63.7500   0.0000E+00
  65.2500  -0.1946E+01
  66.7500  -0.1761E+01
  68.2500  -0.1013E+01
  69.7500   0.0000E+00
  71.2500   0.0000E+00
  72.7500   0.0000E+00
  74.2500   0.0000E+00
  75.7500  -0.3644E+01
  77.2500   0.0000E+00
  78.7500   0.0000E+00
  80.2500   0.0000E+00
  81.7500   0.0000E+00
  83.2500  -0.2412E+01
  84.7500  -0.1205E+01
  86.2500   0.0000E+00
  87.7500   0.0000E+00
  89.2500   0.0000E+00
  90.7500  -0.1535E+01
  92.2500  -0.1651E+01
  93.7500   0.0000E+00
  95.2500   0.0000E+00
  96.7500   0.0000E+00
  98.2500   0.0000E+00
  99.7500   0.0000E+00
 101.2500   0.0000E+00
 102.7500   0.0000E+00
 104.2500   0.0000E+00
 105.7500   0.0000E+00
 107.2500   0.0000E+00
 108.7500   0.0000E+00
 110.2500   0.0000E+00
 111.7500   0.0000E+00
 113.2500   0.0000E+00
 114.7500  -0.1868E+01
 116.2500   0.0000E+00
 117.7500   0.0000E+00
 119.2500   0.0000E+00
 120.7500  -0.1328E+01
 122.2500   0.0000E+00
 123.7500   0.0000E+00
 125.2500   0.0000E+00
 126.7500   0.0000E+00
 128.2500   0.0000E+00
 129.7500   0.0000E+00
 131.2500   0.0000E+00
 132.7500   0.0000E+00
 134.2500   0.0000E+00
 135.7500   0.0000E+00
 137.2500   0.0000E+00
 138.7500   0.0000E+00
 140.2500   0.0000E+00
 141.7500   0.0000E+00
 143.2500   0.0000E+00
 144.7500   0.0000E+00
 146.2500   0.0000E+00
 147.7500   0.0000E+00
 149.2500   0.0000E+00
