   1.2500   0.1995E+01
   3.7500   0.3979E+01
   6.2500   0.4110E+01
   8.7500   0.3660E+01
  11.2500   0.3236E+01
  13.7500   0.2817E+01
  16.2500   0.2420E+01
  18.7500   0.2095E+01
  21.2500   0.1979E+01
  23.7500   0.1852E+01
  26.2500   0.1493E+01
  28.7500   0.1364E+01
  31.2500   0.1472E+01
  33.7500   0.1372E+01
  36.2500   0.1203E+01
  38.7500   0.9410E+00
  41.2500   0.8798E+00
  43.7500   0.8831E+00
  46.2500   0.8608E+00
  48.7500   0.7422E+00
  51.2500   0.7252E+00
  53.7500   0.6169E+00
  56.2500   0.6904E+00
  58.7500   0.5296E+00
  61.2500   0.3826E+00
  63.7500   0.4226E+00
  66.2500   0.4614E+00
  68.7500   0.4740E+00
  71.2500   0.4352E+00
  73.7500   0.4494E+00
  76.2500   0.3675E+00
  78.7500   0.3332E+00
  81.2500   0.3105E+00
  83.7500   0.3387E+00
  86.2500   0.2298E+00
  88.7500   0.2544E+00
  91.2500   0.1591E+00
  93.7500   0.1496E+00
  96.2500   0.1629E+00
  98.7500   0.1939E+00
 101.2500   0.2138E+00
 103.7500   0.1743E+00
 106.2500   0.1619E+00
 108.7500   0.1639E+00
 111.2500   0.9886E-01
 113.7500   0.1976E+00
 116.2500   0.1475E+00
 118.7500   0.1084E+00
 121.2500   0.1282E+00
 123.7500   0.1139E+00
 126.2500   0.4020E-01
 128.7500   0.1276E+00
 131.2500   0.1073E+00
 133.7500   0.6763E-01
 136.2500   0.7165E-01
 138.7500   0.6327E-01
 141.2500   0.5294E-01
 143.7500   0.5380E-01
 146.2500   0.5954E-01
 148.7500   0.4277E-01
