   0.7500   0.0000E+00
   2.2500   0.0000E+00
   3.7500   0.0000E+00
   5.2500   0.0000E+00
   6.7500   0.0000E+00
   8.2500   0.0000E+00
   9.7500   0.0000E+00
  11.2500   0.0000E+00
  12.7500   0.0000E+00
  14.2500   0.0000E+00
  15.7500   0.0000E+00
  17.2500   0.0000E+00
  18.7500   0.0000E+00
  20.2500   0.0000E+00
  21.7500   0.0000E+00
  23.2500   0.0000E+00
  24.7500   0.0000E+00
  26.2500   0.0000E+00
  27.7500   0.0000E+00
  29.2500   0.0000E+00
  30.7500   0.0000E+00
  32.2500   0.0000E+00
  33.7500   0.0000E+00
  35.2500   0.0000E+00
  36.7500   0.0000E+00
  38.2500   0.0000E+00
  39.7500   0.0000E+00
  41.2500   0.0000E+00
  42.7500   0.0000E+00
  44.2500   0.0000E+00
  45.7500   0.0000E+00
  47.2500   0.0000E+00
  48.7500   0.0000E+00
  50.2500   0.0000E+00
  51.7500   0.0000E+00
  53.2500   0.0000E+00
  54.7500   0.0000E+00
  56.2500   0.0000E+00
  57.7500   0.0000E+00
  59.2500   0.0000E+00
  60.7500   0.0000E+00
  62.2500   0.0000E+00
  63.7500   0.0000E+00
  65.2500   0.0000E+00
  66.7500   0.0000E+00
  68.2500   0.0000E+00
  69.7500   0.0000E+00
  71.2500   0.0000E+00
  72.7500   0.0000E+00
  74.2500   0.0000E+00
  75.7500   0.0000E+00
  77.2500   0.0000E+00
  78.7500   0.0000E+00
  80.2500   0.0000E+00
  81.7500   0.0000E+00
  83.2500   0.0000E+00
  84.7500   0.0000E+00
  86.2500   0.0000E+00
  87.7500   0.0000E+00
  89.2500   0.0000E+00
  90.7500   0.0000E+00
  92.2500   0.0000E+00
  93.7500   0.0000E+00
  95.2500   0.0000E+00
  96.7500   0.0000E+00
  98.2500   0.0000E+00
  99.7500   0.0000E+00
 101.2500   0.0000E+00
 102.7500   0.0000E+00
 104.2500   0.0000E+00
 105.7500   0.0000E+00
 107.2500   0.0000E+00
 108.7500   0.0000E+00
 110.2500   0.0000E+00
 111.7500   0.0000E+00
 113.2500   0.0000E+00
 114.7500   0.0000E+00
 116.2500   0.0000E+00
 117.7500   0.0000E+00
 119.2500   0.0000E+00
 120.7500   0.0000E+00
 122.2500   0.0000E+00
 123.7500   0.0000E+00
 125.2500   0.0000E+00
 126.7500   0.0000E+00
 128.2500   0.0000E+00
 129.7500   0.0000E+00
 131.2500   0.0000E+00
 132.7500   0.0000E+00
 134.2500   0.0000E+00
 135.7500   0.0000E+00
 137.2500   0.0000E+00
 138.7500   0.0000E+00
 140.2500   0.0000E+00
 141.7500   0.0000E+00
 143.2500   0.0000E+00
 144.7500   0.0000E+00
 146.2500   0.0000E+00
 147.7500   0.0000E+00
 149.2500   0.0000E+00
